-3 5.4 -39 -45 -31
-3 5.4 -40 -44 -31
-3 5.4 -43 -43 -33
-3 5.4 -42 -43 -34
-3 5.4 -41 -43 -34
-3 5.4 -42 -45 -32
-3 5.4 -38 -45 -33
-3 5.4 -41 -44 -33
-3 5.4 -41 -46 -32
-3 5.4 -39 -46 -32
-1.2 5.4 -40 -44 -34
-1.2 5.4 -38 -46 -33
-1.2 5.4 -40 -48 -30
-1.2 5.4 -39 -43 -30
-1.2 5.4 -38 -48 -32
-1.2 5.4 -36 -47 -36
-1.2 5.4 -34 -43 -32
-1.2 5.4 -37 -43 -33
-1.2 5.4 -36 -44 -35
-1.2 5.4 -38 -43 -35
0.6 5.4 -40 -45 -35
0.6 5.4 -40 -41 -36
0.6 5.4 -39 -42 -36
0.6 5.4 -42 -44 -33
0.6 5.4 -40 -42 -33
0.6 5.4 -42 -41 -33
0.6 5.4 -41 -43 -32
0.6 5.4 -40 -40 -35
0.6 5.4 -40 -40 -36
0.6 5.4 -39 -39 -36
2.4 5.4 -44 -46 -35
2.4 5.4 -45 -46 -33
2.4 5.4 -45 -44 -32
2.4 5.4 -46 -42 -34
2.4 5.4 -45 -43 -34
2.4 5.4 -40 -43 -33
2.4 5.4 -44 -43 -34
2.4 5.4 -42 -43 -30
2.4 5.4 -45 -43 -33
2.4 5.4 -47 -43 -33
4.2 5.4 -46 -39 -39
4.2 5.4 -45 -40 -38
4.2 5.4 -43 -40 -36
4.2 5.4 -44 -40 -37
4.2 5.4 -45 -39 -37
6 5.4 -46 -40 -44
6 5.4 -47 -39 -40
6 5.4 -47 -43 -41
6 5.4 -43 -42 -43
6 5.4 -46 -41 -42
7.8 5.4 -44 -41 -43
7.8 5.4 -43 -40 -47
7.8 5.4 -44 -41 -47
7.8 5.4 -44 -40 -47
7.8 5.4 -42 -40 -46
-3 1.8 -38 -47 -43
-3 1.8 -38 -44 -39
-3 1.8 -38 -49 -39
-3 1.8 -37 -49 -43
-3 1.8 -37 -45 -43
-1.2 1.8 -33 -46 -37
-1.2 1.8 -33 -41 -34
-1.2 1.8 -34 -45 -36
-1.2 1.8 -31 -45 -36
-1.2 1.8 -30 -42 -38
0.6 1.8 -34 -44 -40
0.6 1.8 -38 -43 -41
0.6 1.8 -32 -42 -39
0.6 1.8 -26 -42 -38
0.6 1.8 -35 -44 -37
2.4 1.8 -39 -39 -40
2.4 1.8 -39 -40 -38
2.4 1.8 -39 -41 -42
2.4 1.8 -38 -39 -40
2.4 1.8 -41 -41 -40
4.2 1.8 -44 -31 -41
4.2 1.8 -44 -31 -39
4.2 1.8 -45 -33 -39
4.2 1.8 -45 -32 -43
4.2 1.8 -45 -32 -40
6 1.8 -46 -33 -45
6 1.8 -47 -34 -45
6 1.8 -47 -39 -45
6 1.8 -45 -38 -45
6 1.8 -46 -38 -43
7.8 1.8 -48 -35 -46
7.8 1.8 -48 -34 -45
7.8 1.8 -46 -35 -47
7.8 1.8 -69 -35 -47
7.8 1.8 -50 -40 -43
7.8 0 -48 -35 -45
7.8 0 -47 -36 -45
7.8 0 -49 -35 -45
7.8 0 -46 -33 -44
7.8 0 -46 -35 -44
6 0 -47 -19 -40
6 0 -47 -19 -44
6 0 -47 -19 -42
6 0 -49 -24 -44
6 0 -45 -24 -43
2.4 0 -39 -41 -41
2.4 0 -39 -40 -39
2.4 0 -35 -39 -42
2.4 0 -38 -38 -42
2.4 0 -38 -37 -41
0.6 0 -34 -41 -39
0.6 0 -33 -42 -41
0.6 0 -33 -42 -38
0.6 0 -36 -45 -39
0.6 0 -33 -42 -40
-1.2 0 -24 -46 -42
-1.2 0 -24 -46 -40
-1.2 0 -23 -44 -37
-1.2 0 -24 -44 -39
-1.2 0 -23 -44 -41
-3 0 -33 -48 -44
-3 0 -36 -47 -44
-3 0 -33 -47 -42
-3 0 -33 -45 -41
-3 0 -36 -52 -43
-3 -1.8 -35 -46 -43
-3 -1.8 -35 -47 -42
-3 -1.8 -38 -43 -41
-3 -1.8 -36 -48 -42
-3 -1.8 -34 -46 -41
-1.2 -1.8 -28 -42 -38
-1.2 -1.8 -29 -45 -33
-1.2 -1.8 -26 -43 -38
-1.2 -1.8 -29 -43 -35
-1.2 -1.8 -29 -42 -39
0.6 -1.8 -36 -43 -39
0.6 -1.8 -35 -43 -40
0.6 -1.8 -37 -45 -41
0.6 -1.8 -39 -44 -41
0.6 -1.8 -37 -44 -40
4.2 -1.8 -41 -34 -41
4.2 -1.8 -50 -30 -42
4.2 -1.8 -44 -33 -43
4.2 -1.8 -42 -36 -41
4.2 -1.8 -42 -32 -41
6 -1.8 -43 -31 -40
6 -1.8 -42 -28 -39
6 -1.8 -43 -29 -43
6 -1.8 -43 -29 -44
6 -1.8 -78 -43 -44
7.8 -1.8 -47 -36 -46
7.8 -1.8 -49 -36 -46
7.8 -1.8 -47 -35 -44
7.8 -1.8 -45 -35 -45
7.8 -1.8 -45 -36 -45
-3 3 -39 -46 -38
-3 3 -39 -46 -37
-3 3 -39 -45 -38
-3 3 -40 -46 -37
-3 3 -36 -45 -36
-1.2 3 -38 -45 -31
-1.2 3 -40 -48 -32
-1.2 3 -39 -46 -32
-1.2 3 -39 -48 -32
-1.2 3 -41 -48 -34
0.6 3 -36 -45 -29
0.6 3 -43 -41 -31
0.6 3 -31 -42 -26
0.6 3 -31 -40 -31
0.6 3 -33 -42 -32
4.2 3 -67 -36 -41
4.2 3 -42 -28 -42
4.2 3 -42 -31 -43
4.2 3 -42 -28 -42
4.2 3 -42 -31 -43
4.2 3 -67 -36 -41
2.4 3 -37 -41 -39
2.4 3 -38 -39 -37
2.4 3 -38 -41 -35
2.4 3 -36 -42 -37
7.8 3 -47 -40 -39
7.8 3 -46 -41 -40
7.8 3 -48 -40 -39
7.8 3 -46 -41 -39
7.8 3 -52 -41 -41
5.7 3 -49 -42 -43
5.7 3 -44 -38 -43
5.7 3 -42 -39 -42
5.7 3 -42 -36 -44
5.7 3 -42 -37 -42
